01,436950.0,0.4008,0.5992,0.5455,0.4545,0.0361,0.0053
02,412579.0,0.4129,0.5871,0.5687,0.4313,0.0177,0.0031
03,445080.0,0.4269,0.5731,0.5795,0.4205,0.0070,0.0024
04,427325.0,0.4868,0.5132,0.6274,0.3726,0.0056,0.0025
05,435916.0,0.4929,0.5071,0.6235,0.3765,0.0060,0.0025
06,431299.0,0.5006,0.4994,0.6161,0.3839,0.0028,0.0022
07,441118.0,0.4916,0.5084,0.6036,0.3964,0.0062,0.0033
08,446769.0,0.4898,0.5102,0.6070,0.3930,0.0055,0.0028
09,424075.0,0.5176,0.4824,0.6738,0.3262,0.0048,0.0019
10,890290.0,0.4423,0.5577,0.6206,0.3794,0.0060,0.0019
11,843664.0,0.4163,0.5837,0.5824,0.4176,0.0103,0.0025
12,878857.0,0.3893,0.6107,0.5358,0.4642,0.0183,0.0037
